,MMM,AXP,AAPL,BA,CAT,CVX,CSCO,KO,DD,XOM,GE,GS,HD,IBM,INTC,JNJ,JPM,MCD,MRK,MSFT,NKE,PFE,PG,TRV,UNH,UTX,VZ,V,WMT,DIS
MMM,0.0,0.73,0.67,0.8,0.67,0.8,0.47,0.53,0.87,0.87,0.73,0.53,0.67,0.73,0.53,0.67,0.53,0.53,0.73,0.73,0.53,0.73,0.53,0.87,0.6,0.8,0.53,0.67,0.4,0.73
AXP,0.73,0.0,0.8,0.67,0.4,0.53,0.2,0.53,0.6,0.6,0.6,0.8,0.8,0.6,0.4,0.53,0.67,0.53,0.6,0.47,0.67,0.6,0.4,0.6,0.6,0.53,0.4,0.8,0.53,0.73
AAPL,0.67,0.8,0.0,0.6,0.33,0.6,0.4,0.73,0.53,0.53,0.67,0.6,0.6,0.53,0.6,0.73,0.73,0.47,0.4,0.53,0.6,0.53,0.6,0.67,0.67,0.47,0.33,0.6,0.73,0.53
BA,0.8,0.67,0.6,0.0,0.47,0.6,0.53,0.47,0.8,0.67,0.67,0.6,0.6,0.53,0.6,0.6,0.6,0.47,0.67,0.53,0.6,0.53,0.47,0.8,0.53,0.73,0.47,0.73,0.33,0.8
CAT,0.67,0.4,0.33,0.47,0.0,0.6,0.67,0.47,0.67,0.67,0.53,0.33,0.47,0.67,0.47,0.47,0.47,0.6,0.8,0.67,0.33,0.67,0.6,0.67,0.27,0.6,0.47,0.47,0.33,0.53
CVX,0.8,0.53,0.6,0.6,0.6,0.0,0.53,0.47,0.67,0.93,0.67,0.47,0.6,0.53,0.73,0.6,0.33,0.6,0.53,0.8,0.73,0.53,0.6,0.67,0.67,0.73,0.47,0.6,0.47,0.53
CSCO,0.47,0.2,0.4,0.53,0.67,0.53,0.0,0.67,0.6,0.47,0.47,0.27,0.27,0.47,0.67,0.67,0.53,0.53,0.47,0.47,0.4,0.6,0.8,0.6,0.33,0.53,0.4,0.4,0.53,0.47
KO,0.53,0.53,0.73,0.47,0.47,0.47,0.67,0.0,0.4,0.4,0.67,0.47,0.47,0.53,0.6,0.87,0.6,0.47,0.4,0.53,0.47,0.53,0.87,0.67,0.4,0.47,0.33,0.47,0.87,0.27
DD,0.87,0.6,0.53,0.8,0.67,0.67,0.6,0.4,0.0,0.73,0.6,0.53,0.53,0.6,0.53,0.53,0.67,0.53,0.73,0.6,0.53,0.73,0.4,0.73,0.6,0.8,0.53,0.67,0.27,0.87
XOM,0.87,0.6,0.53,0.67,0.67,0.93,0.47,0.4,0.73,0.0,0.73,0.53,0.67,0.6,0.67,0.53,0.4,0.53,0.6,0.73,0.67,0.6,0.53,0.73,0.6,0.8,0.53,0.67,0.4,0.6
GE,0.73,0.6,0.67,0.67,0.53,0.67,0.47,0.67,0.6,0.73,0.0,0.67,0.67,0.6,0.67,0.8,0.67,0.4,0.6,0.73,0.53,0.6,0.67,0.73,0.6,0.8,0.4,0.53,0.67,0.47
GS,0.53,0.8,0.6,0.6,0.33,0.47,0.27,0.47,0.53,0.53,0.67,0.0,0.87,0.53,0.47,0.47,0.73,0.33,0.53,0.53,0.73,0.53,0.33,0.4,0.67,0.73,0.47,0.73,0.6,0.67
HD,0.67,0.8,0.6,0.6,0.47,0.6,0.27,0.47,0.53,0.67,0.67,0.87,0.0,0.67,0.33,0.47,0.6,0.33,0.67,0.67,0.6,0.67,0.33,0.53,0.53,0.73,0.47,0.6,0.6,0.67
IBM,0.73,0.6,0.53,0.53,0.67,0.53,0.47,0.53,0.6,0.6,0.6,0.53,0.67,0.0,0.4,0.53,0.53,0.53,0.6,0.6,0.27,0.73,0.53,0.73,0.6,0.67,0.67,0.4,0.53,0.6
INTC,0.53,0.4,0.6,0.6,0.47,0.73,0.67,0.6,0.53,0.67,0.67,0.47,0.33,0.4,0.0,0.6,0.47,0.6,0.27,0.53,0.73,0.27,0.73,0.67,0.67,0.6,0.47,0.6,0.6,0.4
JNJ,0.67,0.53,0.73,0.6,0.47,0.6,0.67,0.87,0.53,0.53,0.8,0.47,0.47,0.53,0.6,0.0,0.6,0.47,0.53,0.67,0.47,0.67,0.87,0.67,0.53,0.6,0.33,0.47,0.73,0.4
JPM,0.53,0.67,0.73,0.6,0.47,0.33,0.53,0.6,0.67,0.4,0.67,0.73,0.6,0.53,0.47,0.6,0.0,0.33,0.53,0.4,0.47,0.67,0.47,0.53,0.53,0.6,0.33,0.6,0.6,0.67
MCD,0.53,0.53,0.47,0.47,0.6,0.6,0.53,0.47,0.53,0.53,0.4,0.33,0.33,0.53,0.6,0.47,0.33,0.0,0.53,0.4,0.6,0.4,0.6,0.53,0.53,0.33,0.33,0.6,0.33,0.53
MRK,0.73,0.6,0.4,0.67,0.8,0.53,0.47,0.4,0.73,0.6,0.6,0.53,0.67,0.6,0.27,0.53,0.53,0.53,0.0,0.73,0.4,0.73,0.4,0.6,0.33,0.67,0.4,0.53,0.27,0.73
MSFT,0.73,0.47,0.53,0.53,0.67,0.8,0.47,0.53,0.6,0.73,0.73,0.53,0.67,0.6,0.53,0.67,0.4,0.4,0.73,0.0,0.53,0.6,0.53,0.6,0.6,0.8,0.53,0.4,0.53,0.47
NKE,0.53,0.67,0.6,0.6,0.33,0.73,0.4,0.47,0.53,0.67,0.53,0.73,0.6,0.27,0.73,0.47,0.47,0.6,0.4,0.53,0.0,0.27,0.47,0.4,0.67,0.6,0.33,0.87,0.47,0.53
PFE,0.73,0.6,0.53,0.53,0.67,0.53,0.6,0.53,0.73,0.6,0.6,0.53,0.67,0.73,0.27,0.67,0.67,0.4,0.73,0.6,0.27,0.0,0.53,0.6,0.47,0.67,0.53,0.4,0.53,0.73
PG,0.53,0.4,0.6,0.47,0.6,0.6,0.8,0.87,0.4,0.53,0.67,0.33,0.33,0.53,0.73,0.87,0.47,0.6,0.4,0.53,0.47,0.53,0.0,0.67,0.4,0.47,0.33,0.47,0.73,0.27
TRV,0.87,0.6,0.67,0.8,0.67,0.67,0.6,0.67,0.73,0.73,0.73,0.4,0.53,0.73,0.67,0.67,0.53,0.53,0.6,0.6,0.4,0.6,0.67,0.0,0.47,0.67,0.53,0.53,0.53,0.6
UNH,0.6,0.6,0.67,0.53,0.27,0.67,0.33,0.4,0.6,0.6,0.6,0.67,0.53,0.6,0.67,0.53,0.53,0.53,0.33,0.6,0.67,0.47,0.4,0.47,0.0,0.67,0.67,0.53,0.53,0.6
UTX,0.8,0.53,0.47,0.73,0.6,0.73,0.53,0.47,0.8,0.8,0.8,0.73,0.73,0.67,0.6,0.6,0.6,0.33,0.67,0.8,0.6,0.67,0.47,0.67,0.67,0.0,0.6,0.6,0.47,0.67
VZ,0.53,0.4,0.33,0.47,0.47,0.47,0.4,0.33,0.53,0.53,0.4,0.47,0.47,0.67,0.47,0.33,0.33,0.33,0.4,0.53,0.33,0.53,0.33,0.53,0.67,0.6,0.0,0.33,0.47,0.53
V,0.67,0.8,0.6,0.73,0.47,0.6,0.4,0.47,0.67,0.67,0.53,0.73,0.6,0.4,0.6,0.47,0.6,0.6,0.53,0.4,0.87,0.4,0.47,0.53,0.53,0.6,0.33,0.0,0.33,0.67
WMT,0.4,0.53,0.73,0.33,0.33,0.47,0.53,0.87,0.27,0.4,0.67,0.6,0.6,0.53,0.6,0.73,0.6,0.33,0.27,0.53,0.47,0.53,0.73,0.53,0.53,0.47,0.47,0.33,0.0,0.27
DIS,0.73,0.73,0.53,0.8,0.53,0.53,0.47,0.27,0.87,0.6,0.47,0.67,0.67,0.6,0.4,0.4,0.67,0.53,0.73,0.47,0.53,0.73,0.27,0.6,0.6,0.67,0.53,0.67,0.27,0.0
